06 27 31 2D 65 6E 63 70 73 60 7A 78 7E 07 2C 61 
30 30 2B 15 2D 21 26 20 2D 3C 2F 25 65 6E 63 47 
71 66 73 71 7E 1F 2A 27 31 07 2B 33 20 20 2B 7C 
2A 3F 27 61 78 73 77 74 75 63 78 0C 24 2B 04 32 
37 32 3A 1B 2A 3D 26 15 2C 3E 26 61 78 73 72 2C 
75 68 10 35 37 32 3A 02 2D 32 2D 26 20 1F 2A 04 
28 3A 37 61 78 73 76 71 75 68 10 35 37 32 3A 4F 
10 23 27 20 31 36 17 28 28 36 63 7C 65 66 73 7D 
75 68 0E 20 3D 12 20 22 20 23 37 20 27 3F 26 34 
0B 3C 2A 32 20 73 7E 61 73 63 78 07 24 20 37 3F 
16 23 26 24 21 73 7E 61 74 63 73 7A 16 3F 2C 61 
32 00 33 24 20 37 63 7C 65 67 7A 7A 0D 3C 2F 31 
21 0B 63 7C 65 65 78 09 2A 3F 27 18 65 6E 63 06 
73 68 05 33 20 22 0A 2F 21 36 3B 61 78 73 73 3F 
7E 00 22 2C 35 3F 26 32 15 36 31 09 24 3F 25 4B 
15 36 31 28 2A 37 63 7C 65 67 78 02 2A 3D 30 67 
31 00 22 2C 35 3F 26 08 2B 37 26 39 65 6E 63 70 
74 68 10 2A 2C 23 13 16 08 03 26 33 2C 3C 27 05 
36 73 7E 61 76 68 02 34 31 3C 05 33 20 22 17 5C 
30 3D 2A 2F 22 07 2A 2C 20 73 7E 61 70 68 0E 71 
24 2B 0A 2F 2C 27 10 35 37 32 3A 15 2C 3E 26 1A 
65 6E 63 74 75 68 0E 28 2B 00 37 33 24 2A 10 16 
31 32 21 2D 20 10 2D 35 36 73 7E 61 77 63 78 11 
04 30 20 0D 2C 3E 37 61 78 73 76 70 77 68 07 48 
20 31 2C 34 2B 30 26 12 2E 3A 33 61 78 73 73 18 
7E 1A 27 2D 20 00 28 28 35 73 7E 61 70 63 78 7C 
0D 3C 2F 25 17 36 30 24 31 10 2D 35 36 73 7E 0C 
65 61 73 71 75 63 78 00 01 10 07 24 33 1F 2A 5C 
28 3A 37 61 78 73 72 71 75 63 78 11 37 3C 20 18 
20 20 30 06 24 3A 2D 61 78 73 74 72 73 68 10 62 
31 21 22 38 10 23 33 24 37 73 7E 61 70 63 73 15 
75 68 10 35 37 32 3A 0D 2A 24 26 33 65 6E 63 79 
74 63 73 7A 01 36 2F 20 3C 10 2D 35 36 73 7E 29 
65 67 78 05 20 3F 22 38 17 32 2D 26 20 73 7E 79 
65 66 78 0C 24 2B 10 35 37 32 3A 05 20 25 63 01 
78 73 72 74 7E 1E 22 39 16 27 31 20 3C 19 36 45 
28 23 63 7C 65 61 76 7A 06 2A 20 2D 20 14 22 2B 
2C 73 7E 61 75 68 15 24 37 20 2A 2E 2B 73 7E 59 
65 62 78 12 24 3E 33 2D 2C 3D 24 13 24 27 26 6A 
65 6E 63 70 7E 10 2B 20 2B 34 26 07 37 36 32 70 
17 36 32 34 20 20 37 61 78 73 76 7A 03 3C 31 78 
26 36 10 2A 2C 23 63 7C 65 61 78 46 
--
